%prad lasera [mA] dla temperatury 26 stopni C, dla serii 1.
prad_lasera_26_1=[
0.000000e+000    ;
2.984037e-001    ;
5.968075e-001    ;
8.952112e-001    ;
1.193615e+000    ;
1.492019e+000    ;
1.790422e+000    ;
2.088826e+000    ;
2.387230e+000    ;
2.685634e+000    ;
2.984037e+000    ;
3.282441e+000    ;
3.580845e+000    ;
3.879249e+000    ;
4.177652e+000    ;
4.476056e+000    ;
4.774460e+000    ;
5.072864e+000    ;
5.371267e+000    ;
5.669671e+000    ;
5.968075e+000    ;
6.266479e+000    ;
6.564882e+000    ;
6.863286e+000    ;
7.161690e+000    ;
7.460094e+000    ;
7.758497e+000    ;
8.056901e+000    ;
8.355305e+000    ;
8.653708e+000    ;
8.952112e+000    ;
9.250516e+000    ;
9.548920e+000    ;
9.847323e+000    ;
1.014573e+001    ;
1.044413e+001    ;
1.074253e+001    ;
1.104094e+001    ;
1.133934e+001    ;
1.163775e+001    ;
1.193615e+001    ;
1.223455e+001    ;
1.253296e+001    ;
1.283136e+001    ;
1.312976e+001    ;
1.342817e+001    ;
1.372657e+001    ;
1.402498e+001    ;
1.432338e+001    ;
1.462178e+001    ;
1.492019e+001    ;
1.521859e+001    ;
1.551699e+001    ;
1.581540e+001    ;
1.611380e+001    ;
1.641221e+001    ;
1.671061e+001    ;
1.700901e+001    ;
1.730742e+001    ;
1.760582e+001    ;
1.790422e+001    ;
1.820263e+001    ;
1.850103e+001    ;
1.879944e+001    ;
1.909784e+001    ;
1.939624e+001    ;
1.969465e+001    ;
1.999305e+001    ;
2.029145e+001    ;
2.058986e+001    ;
2.088826e+001    ;
2.118667e+001    ;
2.148507e+001    ;
2.178347e+001    ;
2.208188e+001    ;
2.238028e+001    ;
2.267868e+001    ;
2.297709e+001    ;
2.327549e+001    ;
2.357390e+001    ;
2.387230e+001    ;
2.417070e+001    ;
2.446911e+001    ;
2.476751e+001    ;
2.506591e+001    ;
2.536432e+001    ;
2.566272e+001    ;
2.596113e+001    ;
2.625953e+001    ;
2.655793e+001    ;
2.685634e+001    ;
2.715474e+001    ;
2.745314e+001    ;
2.775155e+001    ;
2.804995e+001    ;
2.834836e+001    ;
2.864676e+001    ;
2.894516e+001    ;
2.924357e+001    ;
2.954197e+001    ;
2.984037e+001    ;
];


%napiecie na laserze [V] dla temperatury 26 stopni C, zmierzone w serii 1.
napiecie_zlacza_26_1=[
6.201465e-001    ;
7.224829e-001    ;
7.488330e-001    ;
7.635400e-001    ;
7.721191e-001    ;
7.806982e-001    ;
7.886646e-001    ;
7.960181e-001    ;
8.015332e-001    ;
8.076611e-001    ;
8.131763e-001    ;
8.186914e-001    ;
8.235937e-001    ;
8.272705e-001    ;
8.327856e-001    ;
8.364624e-001    ;
8.419775e-001    ;
8.456543e-001    ;
8.493311e-001    ;
8.542334e-001    ;
8.566846e-001    ;
8.615869e-001    ;
8.658765e-001    ;
8.683276e-001    ;
8.720044e-001    ;
8.769067e-001    ;
8.793579e-001    ;
8.842603e-001    ;
8.867114e-001    ;
8.873242e-001    ;
8.922266e-001    ;
8.946777e-001    ;
8.959033e-001    ;
8.995801e-001    ;
9.026440e-001    ;
9.044824e-001    ;
9.020312e-001    ;
9.087720e-001    ;
9.118359e-001    ;
9.142871e-001    ;
9.173511e-001    ;
9.179639e-001    ;
9.222534e-001    ;
9.234790e-001    ;
9.240918e-001    ;
9.289941e-001    ;
9.314453e-001    ;
9.332837e-001    ;
9.351221e-001    ;
9.387988e-001    ;
9.406372e-001    ;
9.430884e-001    ;
9.449268e-001    ;
9.467651e-001    ;
9.504419e-001    ;
9.510547e-001    ;
9.547314e-001    ;
9.553442e-001    ;
9.602466e-001    ;
9.608594e-001    ;
9.639233e-001    ;
9.657617e-001    ;
9.669873e-001    ;
9.712769e-001    ;
9.731152e-001    ;
9.749536e-001    ;
9.761792e-001    ;
9.804687e-001    ;
9.816943e-001    ;
9.835327e-001    ;
9.853711e-001    ;
9.878223e-001    ;
9.914990e-001    ;
9.921118e-001    ;
9.964014e-001    ;
9.970142e-001    ;
1.000078e+000    ;
1.001917e+000    ;
1.003142e+000    ;
1.007432e+000    ;
1.007432e+000    ;
1.012334e+000    ;
1.013560e+000    ;
1.014785e+000    ;
1.017849e+000    ;
1.019075e+000    ;
1.022751e+000    ;
1.023977e+000    ;
1.028879e+000    ;
1.028879e+000    ;
1.030105e+000    ;
1.033169e+000    ;
1.033782e+000    ;
1.036233e+000    ;
1.038684e+000    ;
1.041135e+000    ;
1.042361e+000    ;
1.046650e+000    ;
1.046650e+000    ;
1.048489e+000    ;
1.049102e+000    ;
];


%moc optyczna lasera [W] dla temperatury 26 stopni C, zmierzona w serii 1.
moc_optyczna_26_1=[
0.000000e+000    ;
0.000000e+000    ;
0.000000e+000    ;
0.000000e+000    ;
0.000000e+000    ;
5.106608e-007    ;
0.000000e+000    ;
0.000000e+000    ;
0.000000e+000    ;
0.000000e+000    ;
0.000000e+000    ;
0.000000e+000    ;
0.000000e+000    ;
0.000000e+000    ;
5.106608e-007    ;
0.000000e+000    ;
0.000000e+000    ;
0.000000e+000    ;
0.000000e+000    ;
0.000000e+000    ;
0.000000e+000    ;
0.000000e+000    ;
5.106608e-007    ;
5.106608e-007    ;
5.106608e-007    ;
5.106608e-007    ;
5.106608e-007    ;
5.106608e-007    ;
2.553304e-006    ;
2.042643e-005    ;
4.442749e-005    ;
6.178996e-005    ;
8.068441e-005    ;
9.294027e-005    ;
1.256226e-004    ;
1.475810e-004    ;
1.623901e-004    ;
1.889445e-004    ;
1.874125e-004    ;
2.282654e-004    ;
2.405212e-004    ;
2.635010e-004    ;
2.808634e-004    ;
3.023112e-004    ;
3.258016e-004    ;
3.339722e-004    ;
3.610372e-004    ;
3.646118e-004    ;
3.993368e-004    ;
4.187419e-004    ;
4.381470e-004    ;
4.534668e-004    ;
4.749146e-004    ;
4.994263e-004    ;
5.065755e-004    ;
5.361938e-004    ;
5.499817e-004    ;
5.734721e-004    ;
5.938985e-004    ;
6.061544e-004    ;
6.327087e-004    ;
6.321981e-004    ;
6.664124e-004    ;
6.750936e-004    ;
7.052226e-004    ;
7.144145e-004    ;
7.404582e-004    ;
7.593526e-004    ;
7.772257e-004    ;
7.935669e-004    ;
8.119507e-004    ;
8.344198e-004    ;
8.528035e-004    ;
8.691447e-004    ;
8.854858e-004    ;
9.054016e-004    ;
9.278707e-004    ;
9.457438e-004    ;
9.651489e-004    ;
9.850647e-004    ;
9.886393e-004    ;
1.010087e-003    ;
1.034088e-003    ;
1.059111e-003    ;
1.075962e-003    ;
1.093325e-003    ;
1.095367e-003    ;
1.129071e-003    ;
1.135710e-003    ;
1.164817e-003    ;
1.173499e-003    ;
1.201585e-003    ;
1.224565e-003    ;
1.232735e-003    ;
1.258779e-003    ;
1.261843e-003    ;
1.292993e-003    ;
1.309334e-003    ;
1.325165e-003    ;
1.347123e-003    ;
1.345081e-003    ;
];


%prad lasera [mA] dla temperatury 26 stopni C, dla serii 2.
